0.7277226448059082 1.34752685546875
0.48848700523376465 0.5924652709960937
0.5988833904266357 0.702796630859375
0.502983808517456 0.5747770385742188
0.45344114303588867 0.5151259155273438
0.44658398628234863 0.5090111389160156
0.4621403217315674 0.5235723266601563
0.46686315536499023 0.5281039428710937
0.46616554260253906 0.5275338745117187
0.46936798095703125 0.5307355346679687
0.4580576419830322 0.5193165893554688
0.4534878730773926 0.5146702880859375
0.4615287780761719 0.5234935302734375
0.4738593101501465 0.535471435546875
0.4735560417175293 0.5357056274414063
0.4832496643066406 0.5446676025390625
0.48184800148010254 0.54397705078125
0.464923620223999 0.5262022705078125
0.4879484176635742 0.5514085083007813
0.45968127250671387 0.5209479370117187
0.4922342300415039 0.55394873046875
0.4915328025817871 0.5529432373046875
0.4823572635650635 0.5435789794921875
0.4787936210632324 0.5396886596679688
0.47866272926330566 0.54129931640625
0.48139524459838867 0.5427241821289063
0.47110915184020996 0.5324863891601562
0.48333072662353516 0.546383056640625
0.46706461906433105 0.5283148803710938
0.4763665199279785 0.5375394287109375
0.4682137966156006 0.5292612915039062
