248.64145105535334 0.8973519151861017
240.58368960293856 0.9153220870278098
283.83476130167645 0.8591020007928213
256.1255728981712 0.9049783078106967
230.5837832364169 0.9225636178796942
245.02150587602094 0.9125953858548944
252.3394636674361 0.9071273586966775
254.03644839200106 0.9028745618733492
276.04236157735187 0.8809564908345541
249.81147488680753 0.907673564824191
235.28362210591635 0.9184777985016505
249.16432571411133 0.9092253496249517
236.4248308454241 0.9120145780699593
287.78482701228216 0.845743518609267
228.09999964787409 0.9111177096000085
294.72210286458335 0.8580397446950276
289.6130605844351 0.8545516729354858
354.33212459788604 0.7739121721071356
247.55081059382513 0.9048435917267432
333.6808193431181 0.7908981302205254
315.9895029067993 0.8320680633187294
251.6302580833435 0.8788027092814445
309.1632598876953 0.8252222537994385
257.4021453857422 0.898223876953125
285.80423329671225 0.8495308756828308
286.50215970552887 0.8848736698810871
295.9253256661551 0.8351020855563027
327.82820188082184 0.805114386173395
298.75345611572266 0.839789113828114
272.0318723406111 0.863752692937851
